seeds: 3943078016 158366385 481035699 103909769 3553279107 15651230 3322093486 189601966 2957349913 359478652 924423181 691197498 2578953067 27362630 124747783 108079254 1992340665 437203822 2681092979 110901631

map:
3407005365 1771488746 6170291
193829337 1781779120 19310453
3723266167 1801089573 2807816
3532169765 1777659037 4120083
181552768 89787943 12276569
4189219561 164015733 22344818
3841991082 124875531 39140202
4166408542 102064512 22811019
1129066300 237736938 23688188
583118839 186360551 14706067
238619227 222935561 14801377
1326083990 201066618 21868943
1734921531 322401578 23515952
3049779119 261425126 51223261
3291028791 312648387 9753191
253420604 4013077913 59661041
1084811077 3968822690 44255223
2958396631 4072738954 12448956
107262261 3954701771 14120919
3341646048 3945110092 9591679
1542876868 4264964536 11473057
146968898 4276437593 1531320
1494025191 4277968913 16998383
798825135 4118626519 20246966
339701505 4140744170 1058020
88952476 4138873485 1870685
1516471249 4238558917 26405619
3905998189 4141802190 69574907
3975573096 4211377097 27181820
2745148227 0 1428989
3779839133 1428989 21588029
2884769306 59021850 4626388
2076603263 46699459 12322391
1758437483 23017018 15594861
2551200422 38611879 8087580
4148326419 63648238 18082123
3543241861 81730361 8057582
2063500885 2638546765 2978298
492876977 2592294964 46251801
863390011 2498750148 19944659
2319720221 2424419007 55722935
2944989142 2411011518 13407489
2908280824 2480141942 2225935
2313075906 2482367877 6644315
1774032344 2489012192 9737956
2593777310 2538273999 54020965
2276978929 2397681535 7022663
90823161 2410596379 415139
2284001592 2404704198 5892181
3048450614 2396353030 1328505
318178951 2374830476 21522554
1587901076 2526473340 11800659
65968041 2518694807 7778533
2575216344 2280951884 18560966
1891967948 2357603458 17227018
213139790 2332124021 25479437
4275261003 2320980336 11143685
1799677183 2299512850 21467486
2773666364 1467517630 21675435
1882880834 1458430516 9087114
4286404688 1446402306 8562608
3881131284 1454964914 3465602
3801427162 1405838386 40563920
2145839799 1554656161 5326226
407889627 1559982387 10086546
2853387721 1549708470 4947691
3662750762 1489193065 60515405
969459189 1578172452 7831562
4091965407 1570068933 8103519
4211564379 1673378216 63696624
1599701735 1737074840 17957111
3390548570 1755031951 16456795
2559288002 1664135642 9242574
2751174651 1618461796 22491713
2289893773 1640953509 23182133
3271873889 1604889144 10199517
1347952933 1615088661 3373135
2889395694 1586004014 18885130
3726073983 1389537903 16300483
121383180 1193174675 25585718
1990947272 1258071236 14982518
3351237727 1218760393 39310843
2743360072 1273053754 1788155
3551299443 1122407194 70767481
4105159343 3699021945 1425846
1351326068 3713240275 29343979
2746577216 3708642840 4597435
2795341799 3700447791 8195049
0 3683731849 15290096
2036192302 3659066208 24665641
662251730 3581490111 11161514
3282073406 3592651625 8955385
2517277911 3601607010 33922511
1232246903 3635529521 23536687
3634184659 3862409453 28566103
3340897189 3944361233 748859
2910506759 3928414481 15946752
148500218 3924104536 4309945
1179554352 3890975556 12924697
2027827800 3903900253 8025188
2931185314 3911925441 1779369
96862535 3913704810 10399726
2926453511 3830877786 4731803
977290751 3742584254 88293532
1152754488 3835609589 26799864
2970845587 4085187910 7257148
772643674 4092445058 26181461
4002754916 2050218708 8158107
3536289848 2058376815 6952013
3754284009 2065328828 11033064
1456415909 2012609426 401027
1456816936 2013010453 37208255
1380670047 1936863564 75745862
155557387 1923371965 6364283
2932964683 1929736248 7127316
3213454734 1361056107 28481796
313081645 2084794146 5097306
1317651736 2076361892 8432254
2151166025 3551112442 11156572
895525633 3562269014 6960912
1065584283 3394469261 19226794
88490185 3394006970 462291
682417661 3418169807 73373669
1986473520 3413696055 4473752
2803536848 3491543476 49850873
4010913023 3541394349 9718093
4020631116 3569229926 12260185
3413175656 3354347293 39659677
1255788583 3342391034 11956259
15290096 3177317589 29044725
4100068926 3172227172 5090417
4032891301 3149030240 23196932
73746574 3134286629 14743611
2005929790 3104147222 8981610
2060857943 3113128832 2642942
597824906 3115771774 18514855
2489312674 3076954986 27022270
1554349925 3103977256 169966
2108250646 3206362314 33378727
1574363213 2950133463 11907434
2275934358 2962040897 1044571
2375443156 2963085468 113869518
1511023574 2944685788 5447675
2568530576 3321538083 2973543
845515596 3324511626 17874415
1255783590 3342386041 4993
2647798275 3254421865 8776476
1195191079 3263198341 37055824
539128778 3300254165 21283918
2141629373 3245308305 4210426
3622066924 3249518731 4903134
402889875 3240308553 4999752
1985906008 3239741041 567512
3765317073 2641525063 14522060
2014911400 2656047123 12916400
1882233910 2668963523 646924
3884596886 2669610447 21401303
3153050174 2691011750 60404560
3241936530 685760755 3072820
2105071641 688833575 3179005
3106021988 870880174 47028186
902486545 1110076104 12331090
4106585189 1055520633 29651215
1639118951 980288943 64258772
2244955998 949310583 30978360
4056088233 1044547715 10972918
417976173 917908360 31402223
4067061151 1085171848 24904256
340759525 748853104 62130350
2714916854 837417348 28443218
2858335412 810983454 26433894
3101002380 865860566 5019608
3626970058 692012580 7214601
1554519891 729009782 19843322
939676588 699227181 29782601
2221439807 2215346613 23516191
819072101 2238862804 22457982
161921670 2261320786 8464911
170386581 2269785697 11166187
3300781982 2156257761 40115207
564145194 2196372968 18973645
2035852988 2155918447 339314
883334670 2143727484 12190963
3452835333 2102902851 40824633
479865578 2089891452 13011399
755791330 1900609708 16852344
2980301077 1832460171 68149537
449378396 1921447565 1924400
841530083 1917462052 3985513
451302796 1803897389 28562782
152810163 1358308883 2747224
2066479183 1348184803 10124080
914817635 345917530 24858953
4136236404 370776483 12090015
3260913396 671088037 10960493
2571504119 682048530 3712225
44334821 538564039 7171430
2516334944 545735469 942967
51506251 546678436 14461790
1783770300 566764461 15906883
91238300 561140226 5624235
1267744842 621181143 49906894
3493659966 582671344 38509799
2940091999 382866498 4897143
2656574751 412489086 36328688
1192479049 409777056 2712030
2692903439 387763641 22013415
1952421372 505079403 33484636
1821144669 448817774 56261629
2978102735 1345986461 2198342
1909194966 1274841909 43226406
1586270647 1344356032 1630429
1877406298 1318068315 4827612
1617658846 1322895927 21460105
4294967296 4294967296 4611686014132420608
658303552 2940737610 3948178
616339761 2898773819 41963791
673413244 2838174080 9004417
560412696 2834441582 3732498
2088925654 2847178497 16145987
3750378482 2863324484 3905527
1703377723 2867230011 31543808
3245009350 2759420326 15904046
3742374466 2751416310 8004016
2162322597 2775324372 59117210